100
1 100 10
2 40 6
3 94 6
4 62 5
5 72 5
6 14 3
7 86 1
8 100 7
9 26 6
10 70 7
11 8 7
12 11 5
13 5 1
14 95 6
15 56 9
16 73 2
17 62 9
18 63 3
19 58 10
20 12 7
21 54 2
22 20 3
23 74 9
24 81 1
25 43 4
26 4 9
27 33 5
28 77 3
29 7 10
30 70 7
31 92 6
32 32 5
33 3 1
34 63 3
35 63 1
36 15 5
37 95 7
38 64 8
39 17 3
40 23 2
41 54 3
42 50 2
43 9 6
44 68 10
45 65 5
46 31 2
47 55 7
48 67 4
49 29 2
50 18 5
51 61 8
52 47 5
53 33 5
54 42 5
55 76 10
56 63 9
57 34 9
58 28 6
59 100 9
60 66 6
61 59 8
62 52 4
63 73 6
64 92 8
65 79 1
66 12 6
67 16 1
68 39 10
69 76 4
70 15 10
71 21 4
72 59 5
73 42 7
74 68 8
75 86 6
76 29 4
77 76 10
78 39 8
79 75 1
80 79 3
81 87 4
82 59 2
83 98 1
84 59 6
85 63 2
86 24 7
87 86 6
88 13 8
89 75 7
90 5 10
91 33 5
92 50 10
93 53 3
94 36 10
95 70 4
96 98 1
97 96 8
98 1 9
99 16 8
100 91 3
