100
1 7 8
2 100 1
3 49 5
4 37 2
5 37 3
6 11 7
7 79 2
8 43 3
9 95 5
10 71 2
11 98 7
12 9 10
13 54 10
14 21 4
15 37 3
16 43 6
17 97 4
18 38 4
19 90 2
20 2 7
21 100 5
22 33 4
23 10 3
24 81 5
25 63 10
26 55 7
27 10 7
28 8 9
29 1 7
30 30 9
31 36 8
32 8 3
33 83 5
34 25 7
35 31 4
36 44 10
37 98 3
38 13 4
39 85 8
40 45 10
41 27 7
42 90 2
43 61 9
44 8 1
45 68 2
46 54 1
47 83 5
48 32 2
49 89 3
50 9 7
51 16 3
52 77 6
53 41 5
54 62 5
55 36 7
56 48 6
57 8 1
58 81 8
59 12 10
60 63 10
61 70 1
62 69 9
63 33 10
64 59 4
65 85 4
66 8 3
67 34 4
68 8 5
69 12 6
70 72 10
71 68 9
72 34 8
73 83 3
74 52 2
75 80 8
76 65 4
77 43 9
78 56 9
79 82 7
80 9 2
81 52 9
82 80 1
83 14 10
84 72 1
85 12 4
86 40 6
87 78 3
88 100 7
89 86 2
90 55 2
91 92 4
92 51 6
93 45 1
94 49 7
95 78 3
96 48 4
97 85 1
98 6 7
99 97 7
100 41 1
